{"id": 69, "topic": "Positional Encodings", "type": "coding", "question": "Implement AliBi (Attention with Linear Biases). AliBi adds a position-dependent linear bias to attention scores. The bias for position i attending to position j at head h is: bias[i,j,h] = -|i-j| * slope[h], where slope[h] = 2^(-8 * (h+1) / n_heads). Note: slopes decrease geometrically from head 0 to head n_heads-1.", "code_hint": "Compute slopes using exponent formula. Create distance matrix |i-j| using torch.arange. Multiply by slopes with broadcasting.", "expected_output": "tensor([[[ 0.0000, -0.0625, -0.1250, -0.1875],\n         [-0.0625,  0.0000, -0.0625, -0.1250],\n         [-0.1250, -0.0625,  0.0000, -0.0625],\n         [-0.1875, -0.1250, -0.0625,  0.0000]],\n\n        [[ 0.0000, -0.0039, -0.0078, -0.0117],\n         [-0.0039,  0.0000, -0.0039, -0.0078],\n         [-0.0078, -0.0039,  0.0000, -0.0039],\n         [-0.0117, -0.0078, -0.0039,  0.0000]]])", "template": "import torch\nimport torch.nn as nn\n\n\ndef alibi_bias(seq_len: int, n_heads: int) -> torch.Tensor:\n    \"\"\"\n    Compute AliBi positional bias matrix.\n\n    Args:\n        seq_len: sequence length\n        n_heads: number of attention heads\n\n    Returns:\n        bias: shape (n_heads, seq_len, seq_len)\n        bias[h, i, j] = -|i-j| * slope[h]\n        where slope[h] = 2^(-8 * (h+1) / n_heads)\n    \"\"\"\n    # TODO: Implement AliBi bias computation\n    # 1. Compute slopes for each head\n    # 2. Create distance matrix |i-j|\n    # 3. Multiply and apply negative sign\n    ???\n\n\n# Test\ntorch.manual_seed(42)\nseq_len = 4\nn_heads = 2\n\nbias = alibi_bias(seq_len, n_heads)\nprint(bias)"}
